m1=[3 6;6 9;9 12;12 15;15 18]
v2=2:-4:10

