A=[-2 5 1 -7;3 -3 4 5;6 9 -6 1;10 -5 1 3]
B=[2 3;6 2;8 9;-2 5]
A*B